FILENAME, s1 SENS, s1 +PRED, s2 SENS, s2 +PRED
s20011,0.9999300370803474,0.9999800095953942,0.9997901112410422,0.9999700104963263
s20021,0.9999213156031159,0.9996291676499343,0.9979879275653923,0.997797257810744
s20031,0.9995799125122145,0.9998721099123953,0.9996986328891974,0.9999725954819084
s20041,0.9927815999414477,0.9999907847690663,0.9748133645612237,0.9999812299982168
s20051,0.9999645675917478,1.0,0.9999468513876217,0.9999734249875983
s20061,0.9999660801356794,1.0,0.9990926436294255,0.9975868521544753
s20071,0.9999766785606008,0.9999650182488136,0.9985773921966464,0.9823120512055794
s20081,0.9994954814611565,0.9998317705704749,0.9936448366510591,0.9996082097858511
s20091,0.9999910369367835,1.0,0.9993008810691142,0.9999910307466007
s20101,0.9957829703782509,0.974034278263268,0.9982311547483241,0.8073625610350297
s20111,0.9998592622998885,0.9999296261978208,0.9988975546824606,0.9986047602298042
s20121,0.9996843065266703,0.9998947466903682,0.9994855365619811,0.9995907246512389
s20131,0.9990216368767639,0.9995952522143469,0.999002822201317,0.9990968106124754
s20141,0.9999828582203404,1.0,0.9995200301695322,0.9998713914586781
s20151,0.9993850015688736,1.0,0.9962472544712896,0.9953477873775816
s20161,0.9965829529976822,0.9767441860465116,0.9809194962842601,0.9989536058014041
s20171,0.9983165515388142,0.999477761336931,0.9535431452823926,0.9262873419373662
s20181,0.9961020022808428,0.9969687046826028,0.9982426293256558,0.9997940306332622
s20191,0.9571349557522124,0.9324931145970542,0.9196472468043264,0.9931970531625407
s20201,0.9991254632311948,0.9999452966018249,0.9988849656197732,0.999978112654169
s20211,0.9998297616663329,0.9999499238843041,0.986981774484278,0.9229760734185513
s20221,0.9999496568273732,1.0,0.9993874913997081,0.9999916043992948
s20231,0.9859456838021339,0.9999704881263896,0.994199806013579,0.9989474710067245
s20241,0.9999891820551932,0.9999675468677318,0.9997728231590562,0.9998377202947
s20251,0.9956354442527198,0.992475946945308,0.9975362867134803,0.9997965374371116
s20261,0.999755646997879,0.9999804473643047,0.9988955244304132,0.9995794250838704
s20271,0.9983099972854879,0.9976460705128766,0.9994658540643252,0.9955777299013494
s20272,0.9995934856068498,0.9997374216500085,0.9996612380057082,0.999915287978517
s20273,0.9988175350894059,0.9969677487453581,0.9979330897904249,0.9958269378357636
s20274,0.9973071426801364,0.9971835871683901,0.9990913671620092,0.9997685548731599
s20281,0.999958946849855,0.9999452632155124,0.9967294323717774,0.9829554655870445
s20291,0.9937587318996697,0.993019675382287,0.9973755337067649,0.9960359890468118
s20301,0.9765496961012933,0.9997986499961647,0.9878534168703584,0.7583777293675272
s20311,0.9886063025015084,0.983823478471717,0.9998027567642828,0.8789192386936211
s20321,0.9983356720947688,0.9996950023964097,0.9714453545671116,0.9697575171844629
s20331,0.999690542502797,0.9997738391401126,0.977861886738556,0.9881529413179703
s20341,0.9993616278489851,0.9991921972235519,0.9989626452546008,0.9998702128509245
s20351,0.9999916424297128,1.0,0.9988048674489353,0.9999832651387739
s20361,0.9999337673151162,0.9999148453022991,0.9998959200666112,0.9999337648082964
s20371,0.9999477806788512,0.9999060091484429,0.9990391644908616,0.9998954718401137
s20381,0.9995921221302878,0.9705982196741099,0.992852425902187,0.9730367663154689
s20391,0.9998444321286546,0.9999416563754996,0.9997472022090638,0.9997860858573582
s20401,0.9995991362031733,0.9998059935072494,0.9998706890977979,0.9999353403683012
s20411,0.9999881946002102,0.9999527800731909,1.0,0.9999409764850317
s20421,0.9998494073101994,0.9999139414802065,0.999741841103199,0.9999462059022884
s20431,0.9993165597570858,0.9961653381607248,0.9998730753834588,0.9999511790265098
s20441,0.9999033577802356,0.9970234271275001,0.9999785239511635,0.9970556745182013
s20451,0.99980693884504,0.995049504950495,0.9999545738458918,0.9755262574783957
s20461,0.9999696577392992,0.9999898857085061,0.996247673760013,0.9875380975296759
s20471,0.9995663599385965,0.999644387392232,0.9993495399078949,0.9996703277636076
s20481,0.9979880815701712,0.996397419242148,0.977540867093106,0.9739838106962708
s20491,0.9790100153685882,0.9981491608126867,0.9942754587368877,0.9889710785772179
s20501,0.9995375722543353,0.9998177804254126,0.9989840602557366,0.9996844872918492
s20511,0.8634358038272306,0.986860466722854,0.9693313830494542,0.9765442322681216
s20521,0.9589439311882765,0.9858757062146892,0.9499575236274822,0.7072018656863908
s20531,0.9989489975053127,0.998960534977998,0.9990644922849488,0.9974976937269373
s20541,0.9983673611171419,0.9990788135814164,0.9943031324087502,0.9978995258680797
s20551,0.9969094396247603,0.9757990778748322,0.9979727513937334,0.9981413747863078
s20561,0.9977086970322171,0.9984812086799421,0.9805090461831455,0.9900842339319518
s20571,0.9800152863951084,0.9993581367627169,0.9761604774535809,0.920040833758685
s20581,0.9981633013480897,0.995818406060962,0.9999175840348502,0.9999175840348502
s20591,0.998704863297727,0.6695929959291627,0.9955086085003743,0.9985578756674295
s20601,0.9883447491512959,0.9991096358151155,0.9976484270114501,0.9995973096859873
s20611,0.9951304067742017,0.9977775700299157,0.9988768997346941,0.9989446379981182
s20621,0.9837410673762337,0.9788628253150209,0.7141204424707882,0.9193868081254798
s20631,0.9996801151585429,0.9979144422380329,0.9911631812547483,0.9948128304688519
s20641,0.9992221934145709,0.9959826148243862,0.9998114408277747,0.9949454080615464
s20651,0.9989698066702611,0.7974621279081385,0.9802145112839867,0.941290137667693
s30661,0.9998338490934391,0.9878454172366621,0.9996884670501983,0.9993148836340233
s30671,0.997253634894992,0.9999291318653506,0.9986974959612278,0.9998786935293107
s30681,0.9993841343534595,0.9984381285940791,0.9968417146331257,0.992796873402691
s30691,0.7628020416392121,0.5096557569863788,0.9992132411514216,0.9998819071987404
s30701,0.9998599152020022,0.9999533007060933,0.9999159491212014,0.9999906603156813
s30711,0.9464835394167058,0.9998002190701231,0.9998826107372045,1.0
s30721,0.9763775835552722,0.6068768142129376,0.9912787426385086,0.9975181420981608
s30731,0.9991796863950517,0.9995189632242669,0.9996039865355422,0.9995380147835269
s30732,0.9984267453294002,0.9992231038554766,0.9996584381307251,0.9960090338149306
s30741,0.9983395566211192,1.0,0.999651711876625,0.9999918975198309
s30742,0.99974509304104,0.9999912079409877,0.9999296808389075,0.9999912095639943
s30751,0.9985103333836174,0.9994903737259343,0.9789372454367175,0.9979623613540686
s30752,0.9976610515315136,0.9998420667641974,0.9868786649746614,0.9999663834472095
s30761,0.9850739892689928,0.9967494575224988,0.9812634564779057,0.9995996414179656
s30771,0.9852445787916437,0.9751153592617007,0.998117146772892,0.9994356803898935
s30781,0.9537002552526638,0.6051575865169575,0.9634834267443022,0.9758132773975123
s30791,0.9992535976592822,0.9999502051547624,0.9994824943771023,0.9997809899255365
s30801,0.820043868479332,0.8575259285524333,0.9999894037489536,0.9999364258619594
